alsa_card.pci-0000:00:1b.0:input:analog-input-mic mute:0 volumes:2,0.999954,0.999954
alsa_card.pci-0000:00:1b.0:output:analog-output-speaker mute:0 volumes:2,0.446679,0.446679
